% Amf_tables
% Definition of tables as Simulink parameters
%%%%%%%%%%%%%%%%%%%%%%%%%%%%%%%%%%%%%%%%%%%%%%%%%%%%%%%%%%%%%%%%%%%%%%%%%%%
Amf_rpmEngSpd2facTempCorr_CUR_y = Simulink.Parameter;
Amf_rpmEngSpd2facTempCorr_CUR_y.DataType = 'single';
Amf_rpmEngSpd2facTempCorr_CUR_y.Value = [0.495	0.36	0.305	0.275	0.255	0.245	0.235	0.23	0.225	0.22	0.215	0.21	0.205	0.205	0.2	0.2	0.2	0.2	0.2];
Amf_rpmEngSpd2facTempCorr_CUR_y.StorageClass = 'ImportedExtern';
Amf_rpmEngSpd2facTempCorr_CUR_x = Simulink.Parameter;
Amf_rpmEngSpd2facTempCorr_CUR_x.DataType = 'single';
Amf_rpmEngSpd2facTempCorr_CUR_x.Value = [500.0	750.0	1000.0	1250.0	1500.0	1750.0	2000.0	2250.0	2500.0	2750.0	3000.0	3500.0	4000.0	4500.0	5000.0	5500.0	6000.0	6500.0	7000.0];
Amf_rpmEngSpd2facTempCorr_CUR_x.StorageClass = 'ImportedExtern';
%%%%%%%%%%%%%%%%%%%%%%%%%%%%%%%%%%%%%%%%%%%%%%%%%%%%%%%%%%%%%%%%%%%%%%%%%%%
Amf_pManiEngSpd2facRelAirCorr_MAP_z = Simulink.Parameter;
Amf_pManiEngSpd2facRelAirCorr_MAP_z.DataType = 'single';
Amf_pManiEngSpd2facRelAirCorr_MAP_z.Value = ...
[0.2890625	0.4375	0.619140625	0.80859375	1.017578125	1.228515625	1.43359375	1.638671875	1.833984375	2.03515625
0.2890625	0.4375	0.6171875	0.8046875	1.01171875	1.220703125	1.427734375	1.62890625	1.82421875	2.0234375
0.28515625	0.435546875	0.609375	0.798828125	1.017578125	1.20703125	1.40625	1.60546875	1.802734375	2.001953125
0.291015625	0.44921875	0.609375	0.798828125	0.986328125	1.224609375	1.3984375	1.595703125	1.79296875	1.986328125
0.291015625	0.443359375	0.609375	0.7890625	0.986328125	1.1875	1.43359375	1.64453125	1.822265625	2.0234375
0.29296875	0.453125	0.6171875	0.798828125	0.986328125	1.1875	1.396484375	1.615234375	1.78515625	1.98046875
0.283203125	0.443359375	0.6171875	0.798828125	0.998046875	1.197265625	1.396484375	1.5859375	1.775390625	1.96875
0.287109375	0.4375	0.609375	0.7890625	0.978515625	1.177734375	1.388671875	1.578125	1.763671875	1.953125
0.28515625	0.4375	0.599609375	0.7890625	0.978515625	1.177734375	1.388671875	1.5859375	1.767578125	1.962890625
0.28515625	0.423828125	0.587890625	0.76171875	0.958984375	1.16015625	1.349609375	1.548828125	1.728515625	1.91796875
0.294921875	0.435546875	0.59765625	0.7734375	0.9609375	1.16015625	1.36328125	1.55859375	1.734375	1.923828125
0.296875	0.435546875	0.595703125	0.76953125	0.955078125	1.15234375	1.35546875	1.55078125	1.7265625	1.912109375
0.296875	0.435546875	0.591796875	0.765625	0.94921875	1.14453125	1.349609375	1.54296875	1.716796875	1.90234375
0.298828125	0.435546875	0.58984375	0.76171875	0.9453125	1.13671875	1.341796875	1.537109375	1.705078125	1.890625]';
Amf_pManiEngSpd2facRelAirCorr_MAP_z.StorageClass = 'ImportedExtern';
Amf_pManiEngSpd2facRelAirCorr_MAP_y = Simulink.Parameter;
Amf_pManiEngSpd2facRelAirCorr_MAP_y.DataType = 'single';
Amf_pManiEngSpd2facRelAirCorr_MAP_y.Value = [500.0	1000.0	1500.0	2000.0	2500.0	3000.0	3500.0	4000.0	4500.0	5000.0	5500.0	6000.0	6500.0	7000.0];
Amf_pManiEngSpd2facRelAirCorr_MAP_y.StorageClass = 'ImportedExtern';
Amf_pManiEngSpd2facRelAirCorr_MAP_x = Simulink.Parameter;
Amf_pManiEngSpd2facRelAirCorr_MAP_x.DataType = 'single';
Amf_pManiEngSpd2facRelAirCorr_MAP_x.Value = [30000.0	50000.0	70000.0	90000.0	110000.0	130000.0	150000.0	170000.0	190000.0	210000.0];
Amf_pManiEngSpd2facRelAirCorr_MAP_x.StorageClass = 'ImportedExtern';