% Ctc_tables
% Definition of tables as Simulink parameters
%%%%%%%%%%%%%%%%%%%%%%%%%%%%%%%%%%%%%%%%%%%%%%%%%%%%%%%%%%%%%%%%%%%%%%%%%%%
Ctc_rSens2atCool_CUR_y = Simulink.Parameter;
Ctc_rSens2atCool_CUR_y.DataType = 'single';
Ctc_rSens2atCool_CUR_y.Value = [423.0	418.0	413.0	408.0	403.0	398.0	393.0	388.0	383.0	378.0	373.0	368.0	363.0	358.0	353.0	348.0	343.0	338.0	333.0	328.0	323.0	318.0	313.0	308.0	303.0	298.0	293.0	288.0	283.0	278.0	273.0	268.0	263.0	258.0	253.0	248.0	243.0	238.0	233.0];
Ctc_rSens2atCool_CUR_y.StorageClass = 'ImportedExtern';
Ctc_rSens2atCool_CUR_x = Simulink.Parameter;
Ctc_rSens2atCool_CUR_x.DataType = 'single';
Ctc_rSens2atCool_CUR_x.Value = [49.1	55.1	61.9	69.9	79.0	89.6	101.9	116.3	133.2	153.0	176.4	204.1	237.0	276.2	323.3	379.9	448.4	531.7	633.4	758.2	912.5	1104.1	1343.7	1645.0	2026.8	2513.6	3138.9	3957.1	5026.4	6434.8	8304.9	10808.9	14192.0	18804.9	25156.7	33993.8	46422.2	64101.9	89555.4];
Ctc_rSens2atCool_CUR_x.StorageClass = 'ImportedExtern';