% Mtc_tables
% Definition of tables as Simulink parameters
%%%%%%%%%%%%%%%%%%%%%%%%%%%%%%%%%%%%%%%%%%%%%%%%%%%%%%%%%%%%%%%%%%%%%%%%%%%
Mtc_rSens2atMani_CUR_y = Simulink.Parameter;
Mtc_rSens2atMani_CUR_y.DataType = 'single';
Mtc_rSens2atMani_CUR_y.Value = [428.0	423.0	418.0	413.0	408.0	403.0	398.0	393.0	388.0	383.0	378.0	373.0	368.0	363.0	358.0	353.0	348.0	343.0	338.0	333.0	328.0	323.0	318.0	313.0	308.0	303.0	298.0	293.0	288.0	283.0	278.0	273.0	268.0	263.0	258.0	253.0	248.0	243.0	238.0	233.0];
Mtc_rSens2atMani_CUR_y.StorageClass = 'ImportedExtern';
Mtc_rSens2atMani_CUR_x = Simulink.Parameter;
Mtc_rSens2atMani_CUR_x.DataType = 'single';
Mtc_rSens2atMani_CUR_x.Value = [81.6	91.6	103.0	116.1	131.2	148.7	169.1	192.8	220.4	252.9	291.1	336.1	389.5	453.1	529.0	620.1	730.0	863.1	1024.7	1223.4	1467.3	1769.9	2146.6	2619.1	3215.6	3972.2	4941.1	6189.4	7807.5	9926.3	12705.0	16412.7	21332.9	27982.8	37022.9	49453.0	66723.4	90987.7	125498.4	175089.4];
Mtc_rSens2atMani_CUR_x.StorageClass = 'ImportedExtern';