% T2t_tables
% Definition of tables as Simulink parameters
%%%%%%%%%%%%%%%%%%%%%%%%%%%%%%%%%%%%%%%%%%%%%%%%%%%%%%%%%%%%%%%%%%%%%%%%%%%
T2t_degIgnAngleDiff2facSparkEff_CUR_y = Simulink.Parameter;
T2t_degIgnAngleDiff2facSparkEff_CUR_y.DataType = 'single';
T2t_degIgnAngleDiff2facSparkEff_CUR_y.Value = [0.99999999	0.99999999	0.99999999	0.99999999	0.99999999	0.995000004	0.995000004	0.990000009	0.990000009	0.985000013	0.985000013	0.980000018	0.975000023	0.970000028	0.964999973	0.959999978	0.954999982	0.944999992	0.939999997	0.930000006	0.920000016	0.91500002	0.90499997	0.89499998	0.879999994	0.870000004	0.855000018	0.845000028	0.829999982	0.814999997	0.795000016	0.77999997	0.764999985	0.745000004	0.725000023	0.704999982	0.685000001	0.660000025	0.639999985	0.615000009	0.595000028	0.569999992	0.545000016	0.514999985	0.490000009	0.465000003	0.435000001	0.409999995	0.384999989	0.354999988	0.330000012	0.300000011	0.275000006	0.245000005	0.219999984	0.194999993	0.170000002	0.150000006	0.125	0.104999982	0.0850000008	0.0700000002	0.0549999996	0.0450000017	0.035	0.0299999992	0.0299999992];
T2t_degIgnAngleDiff2facSparkEff_CUR_y.StorageClass = 'ImportedExtern';
T2t_degIgnAngleDiff2facSparkEff_CUR_x = Simulink.Parameter;
T2t_degIgnAngleDiff2facSparkEff_CUR_x.DataType = 'single';
T2t_degIgnAngleDiff2facSparkEff_CUR_x.Value = [-0.749999999	0.0	0.749999999	1.5	2.25	2.99999999	3.74999999	4.49999999	5.24999999	5.99999999	6.74999999	7.49999999	8.24999999	8.99999999	9.74999999	10.5	11.25	12.0	12.75	13.5	14.25	15.0	15.75	16.5	17.25	18.0	18.75	19.5	20.25	21.0	21.75	22.5	23.25	24.0	24.75	25.5	26.25	27.0	27.7499999	28.4999999	29.2499999	29.9999999	30.7499999	31.4999999	32.2499999	32.9999999	33.7499999	34.4999999	35.2499999	35.9999999	36.7499999	37.4999999	38.2499999	38.9999999	39.7499999	40.4999999	41.2499999	41.9999999	42.7499999	43.4999999	44.2499999	44.9999999	45.7499999	46.4999999	47.2499999	47.9999999	48.7499999];
T2t_degIgnAngleDiff2facSparkEff_CUR_x.StorageClass = 'ImportedExtern';
%%%%%%%%%%%%%%%%%%%%%%%%%%%%%%%%%%%%%%%%%%%%%%%%%%%%%%%%%%%%%%%%%%%%%%%%%%%
T2t_facLambaReq2facLambdaEff_CUR_y = Simulink.Parameter;
T2t_facLambaReq2facLambdaEff_CUR_y.DataType = 'single';
T2t_facLambaReq2facLambdaEff_CUR_y.Value = [0.400000005	0.400000005	0.623000025	0.814000009	0.973599969	0.995000004	1.005	1.01499975	1.01999974	1.01499975	0.99999999	0.980000018	0.949999987	0.920000016	0.889999985	0.850000023	0.600000023	0.0670000016];
T2t_facLambaReq2facLambdaEff_CUR_y.StorageClass = 'ImportedExtern';
T2t_facLambaReq2facLambdaEff_CUR_x = Simulink.Parameter;
T2t_facLambaReq2facLambdaEff_CUR_x.DataType = 'single';
T2t_facLambaReq2facLambdaEff_CUR_x.Value = [0.2	0.299999999	0.464999999	0.564999999	0.670999999	0.749999999	0.796899999	0.851599999	0.898399999	0.953099999	0.99999999	1.0469	1.1016	1.1484	1.2031	1.2578	1.5	1.99];
T2t_facLambaReq2facLambdaEff_CUR_x.StorageClass = 'ImportedExtern';
%%%%%%%%%%%%%%%%%%%%%%%%%%%%%%%%%%%%%%%%%%%%%%%%%%%%%%%%%%%%%%%%%%%%%%%%%%%
T2t_RpmEngSpd2pMaxWithoutWasteGate_y = Simulink.Parameter;
T2t_RpmEngSpd2pMaxWithoutWasteGate_y.DataType = 'single';
T2t_RpmEngSpd2pMaxWithoutWasteGate_y.Value = [110000.0	110000.0	130000.0	140000.0	150000.0	157000.0	160000.0	160000.0	160000.0	160000.0	160000.0];
T2t_RpmEngSpd2pMaxWithoutWasteGate_y.StorageClass = 'ImportedExtern';
T2t_RpmEngSpd2pMaxWithoutWasteGate_x = Simulink.Parameter;
T2t_RpmEngSpd2pMaxWithoutWasteGate_x.DataType = 'single';
T2t_RpmEngSpd2pMaxWithoutWasteGate_x.Value = [1000.0	1500.0	2000.0	2500.0	3000.0	3500.0	4000.0	4500.0	5000.0	5500.0	6000.0];
T2t_RpmEngSpd2pMaxWithoutWasteGate_x.StorageClass = 'ImportedExtern';
%%%%%%%%%%%%%%%%%%%%%%%%%%%%%%%%%%%%%%%%%%%%%%%%%%%%%%%%%%%%%%%%%%%%%%%%%%%
T2t_CatHeatTime2pManiRes_y = Simulink.Parameter;
T2t_CatHeatTime2pManiRes_y.DataType = 'single';
T2t_CatHeatTime2pManiRes_y.Value = [15000.0	30000.0	30000.0	0.0];
T2t_CatHeatTime2pManiRes_y.StorageClass = 'ImportedExtern';
T2t_CatHeatTime2pManiRes_x = Simulink.Parameter;
T2t_CatHeatTime2pManiRes_x.DataType = 'single';
T2t_CatHeatTime2pManiRes_x.Value = [0.0	3.0	10.0 20.0];
T2t_CatHeatTime2pManiRes_x.StorageClass = 'ImportedExtern';
%%%%%%%%%%%%%%%%%%%%%%%%%%%%%%%%%%%%%%%%%%%%%%%%%%%%%%%%%%%%%%%%%%%%%%%%%%%
T2t_rpmEngSpdtqReq2pManiReqBase_MAP_z = Simulink.Parameter;
T2t_rpmEngSpdtqReq2pManiReqBase_MAP_z.DataType = 'single';
