% Tqs_tables
% Definition of tables as Simulink parameters
%%%%%%%%%%%%%%%%%%%%%%%%%%%%%%%%%%%%%%%%%%%%%%%%%%%%%%%%%%%%%%%%%%%%%%%%%%%
Tqs_atCool2tqDrag_CUR_y = Simulink.Parameter;
Tqs_atCool2tqDrag_CUR_y.DataType = 'single';
Tqs_atCool2tqDrag_CUR_y.Value = [21.000375	21.000375	15.75	13.093875	11.67	11.007	10.417875	8.749875	3.3945	0.0	0.0	0.0];
Tqs_atCool2tqDrag_CUR_y.StorageClass = 'ImportedExtern';
Tqs_atCool2tqDrag_CUR_x = Simulink.Parameter;
Tqs_atCool2tqDrag_CUR_x.DataType = 'single';
Tqs_atCool2tqDrag_CUR_x.Value = [223.0	233.0	243.0	253.0	263.0	273.0	283.0	303.0	313.0	333.0	363.0	393.0];
Tqs_atCool2tqDrag_CUR_x.StorageClass = 'ImportedExtern';
%%%%%%%%%%%%%%%%%%%%%%%%%%%%%%%%%%%%%%%%%%%%%%%%%%%%%%%%%%%%%%%%%%%%%%%%%%%
Tqs_rpmEngSpd2tqMax_CUR_y = Simulink.Parameter;
Tqs_rpmEngSpd2tqMax_CUR_y.DataType = 'single';
Tqs_rpmEngSpd2tqMax_CUR_y.Value = [40.0	40.0	45.0	58.0	71.0	84.0	92.0	87.0	83.0	84.0	70.0	65.0	50.0	35.0];
Tqs_rpmEngSpd2tqMax_CUR_y.StorageClass = 'ImportedExtern';
Tqs_rpmEngSpd2tqMax_CUR_x = Simulink.Parameter;
Tqs_rpmEngSpd2tqMax_CUR_x.DataType = 'single';
Tqs_rpmEngSpd2tqMax_CUR_x.Value = [0.0	500.0	1000.0	1500.0	2000.0	2500.0	3000.0	3500.0	4000.0	4500.0	5000.0	5500.0	6000.0	6500.0];
Tqs_rpmEngSpd2tqMax_CUR_x.StorageClass = 'ImportedExtern';
%%%%%%%%%%%%%%%%%%%%%%%%%%%%%%%%%%%%%%%%%%%%%%%%%%%%%%%%%%%%%%%%%%%%%%%%%%%
Tqs_rpmEngSpdfacRelAir2tqDrag_MAP_z = Simulink.Parameter;
Tqs_rpmEngSpdfacRelAir2tqDrag_MAP_z.DataType = 'single';
Tqs_rpmEngSpdfacRelAir2tqDrag_MAP_z.Value = ...
[3.77734375	4.0546875	4.6171875	5.078125	5.83984375	6.2890625	6.87109375	7.5078125	7.97265625	8.96875	10.25390625	10.81640625
3.640625	3.9296875	4.5078125	5.01171875	5.73828125	6.18359375	6.8125	7.4765625	7.953125	8.98828125	10.29296875	10.87109375
3.50390625	3.796875	4.390625	4.9453125	5.6328125	6.08984375	6.75	7.453125	7.9375	9.00390625	10.328125	10.921875
3.36328125	3.671875	4.2734375	4.8828125	5.52734375	5.9921875	6.6953125	7.42578125	7.91796875	9.02734375	10.3671875	10.9765625
3.2265625	3.5390625	4.15625	4.81640625	5.4296875	5.89453125	6.6328125	7.40234375	7.8984375	9.04296875	10.3984375	11.03125
2.94921875	3.27734375	3.9296875	4.6875	5.21875	5.6953125	6.51953125	7.3515625	7.86328125	9.078125	10.4765625	11.1328125
2.671875	3.01171875	3.69921875	4.5546875	5.01171875	5.49609375	6.40625	7.30078125	7.82421875	9.1171875	10.55859375	11.2421875
2.3984375	2.75390625	3.46875	4.4296875	4.8046875	5.30078125	6.28515625	7.2421875	7.7890625	9.15234375	10.6328125	11.34765625
2.12109375	2.4921875	3.23828125	4.296875	4.59765625	5.1015625	6.171875	7.1953125	7.75	9.1953125	10.70703125	11.4609375
1.84375	2.234375	3.0078125	4.16796875	4.390625	4.90234375	6.0546875	7.140625	7.71484375	9.2265625	10.78515625	11.55859375
1.56640625	1.97265625	2.78125	4.0390625	4.1796875	4.7109375	5.9375	7.08984375	7.6796875	9.26171875	10.859375	11.671875
1.2890625	1.7109375	2.55078125	3.91015625	3.9765625	4.5078125	5.8203125	7.0390625	7.640625	9.30078125	10.9296875	11.7734375
1.015625	1.44921875	2.3203125	3.77734375	3.765625	4.30859375	5.69921875	6.98828125	7.60546875	9.3359375	11.01171875	11.87890625
0.73828125	1.1875	2.08984375	3.6484375	3.55859375	4.11328125	5.5859375	6.93359375	7.56640625	9.37890625	11.0859375	11.98828125
0.4609375	0.9296875	1.86328125	3.51953125	3.3515625	3.91796875	5.46484375	6.8828125	7.53125	9.41015625	11.1640625	12.0859375
0.18359375	0.66796875	1.62890625	3.390625	3.14453125	3.71484375	5.3515625	6.83203125	7.49609375	9.453125	11.23828125	12.19921875
0.0859375	0.41015625	1.3984375	3.2578125	2.94140625	3.51953125	5.23828125	6.77734375	7.45703125	9.48828125	11.3125	12.3046875
0.0859375	0.14453125	1.16796875	3.1328125	2.7265625	3.32421875	5.12109375	6.734375	7.41796875	9.5234375	11.38671875	12.4140625
0.0859375	0.14453125	0.94140625	3.0	2.5234375	3.12109375	5.0	6.6796875	7.3828125	9.5625	11.46875	12.515625
0.0859375	0.14453125	0.7109375	2.875	2.3125	2.92578125	4.8828125	6.6328125	7.3515625	9.59765625	11.54296875	12.62890625
0.0859375	0.14453125	0.4765625	2.7421875	2.1015625	2.7265625	4.76953125	6.578125	7.30859375	9.6328125	11.6171875	12.7265625
0.0859375	0.14453125	0.24609375	2.609375	1.8984375	2.52734375	4.65234375	6.5234375	7.2734375	9.66796875	11.6953125	12.83984375
0.0859375	0.14453125	0.1171875	2.48046875	1.6875	2.3359375	4.53515625	6.4765625	7.234375	9.70703125	11.76953125	12.9453125
0.0859375	0.14453125	0.1171875	2.3515625	1.4765625	2.13671875	4.41796875	6.421875	7.19921875	9.74609375	11.83984375	13.0546875
0.0859375	0.14453125	0.1171875	2.22265625	1.2734375	1.93359375	4.3046875	6.37109375	7.1640625	9.78515625	11.91796875	13.15625
0.0859375	0.14453125	0.1171875	2.08984375	1.06640625	1.73828125	4.1875	6.31640625	7.12890625	9.8203125	11.99609375	13.265625
0.0859375	0.14453125	0.1171875	1.9609375	0.859375	1.54296875	4.06640625	6.265625	7.08984375	9.85546875	12.07421875	13.37109375
0.0859375	0.14453125	0.1171875	1.15234375	0.6484375	1.33984375	3.953125	6.21484375	7.0546875	9.89453125	12.37109375	13.76171875]';
Tqs_rpmEngSpdfacRelAir2tqDrag_MAP_z.StorageClass = 'ImportedExtern';
Tqs_rpmEngSpdfacRelAir2tqDrag_MAP_y = Simulink.Parameter;
Tqs_rpmEngSpdfacRelAir2tqDrag_MAP_y.DataType = 'single';
Tqs_rpmEngSpdfacRelAir2tqDrag_MAP_y.Value = [0.000 0.050 0.100 0.150 0.200 0.300 0.400 0.500 0.600 0.700 0.800 0.900 1.000 1.100 1.200 1.300 1.400 1.500 1.600 1.700 1.800 1.900 2.000 2.100 2.200 2.300 2.400 2.500];
Tqs_rpmEngSpdfacRelAir2tqDrag_MAP_y.StorageClass = 'ImportedExtern';
Tqs_rpmEngSpdfacRelAir2tqDrag_MAP_x = Simulink.Parameter;
Tqs_rpmEngSpdfacRelAir2tqDrag_MAP_x.DataType = 'single';
Tqs_rpmEngSpdfacRelAir2tqDrag_MAP_x.Value = [250.0	500.0	1000.0	1500.0	2000.0	2500.0	3000.0	3500.0	4000.0	5000.0	6000.0	6500.0];
Tqs_rpmEngSpdfacRelAir2tqDrag_MAP_x.StorageClass = 'ImportedExtern';
%%%%%%%%%%%%%%%%%%%%%%%%%%%%%%%%%%%%%%%%%%%%%%%%%%%%%%%%%%%%%%%%%%%%%%%%%%%
Tqs_rpmEngSpdfacEgas2facEgasFilt_MAP_z = Simulink.Parameter;
Tqs_rpmEngSpdfacEgas2facEgasFilt_MAP_z.DataType = 'single';
